* Stopping power tables calculated with libdEdx, version 1.2.1-svn0
* by user bassler on host grgalt.
* Date of this calculation: Mon Oct 21 15:06:40 2019
* Timestamp: 20191021_150640
* Target material id: 104
* Target material name: AIR
* Algorithm: DEDX_PSTAR for z = 1 and DEDX_MSTAR for z > 1
* Energy [MeV/nucleon] dE/dx [MeV cm2/g] for ions 1<=z<=18 
2.500E-02 5.526E+02 1.018E+03 1.296E+03 1.715E+03 2.256E+03 2.817E+03 3.226E+03 3.371E+03 3.274E+03 3.113E+03 2.996E+03 2.945E+03 3.207E+03 3.657E+03 4.094E+03 4.338E+03 4.340E+03 4.266E+03 
3.000E-02 5.905E+02 1.117E+03 1.438E+03 1.905E+03 2.506E+03 3.133E+03 3.598E+03 3.777E+03 3.699E+03 3.563E+03 3.471E+03 3.418E+03 3.714E+03 4.213E+03 4.689E+03 4.943E+03 4.921E+03 4.805E+03 
4.000E-02 6.483E+02 1.287E+03 1.692E+03 2.244E+03 2.954E+03 3.700E+03 4.270E+03 4.523E+03 4.495E+03 4.428E+03 4.399E+03 4.348E+03 4.711E+03 5.301E+03 5.849E+03 6.119E+03 6.049E+03 5.850E+03 
5.000E-02 6.877E+02 1.429E+03 1.913E+03 2.543E+03 3.348E+03 4.201E+03 4.870E+03 5.199E+03 5.233E+03 5.253E+03 5.302E+03 5.258E+03 5.685E+03 6.361E+03 6.974E+03 7.260E+03 7.148E+03 6.870E+03 
6.000E-02 7.132E+02 1.548E+03 2.110E+03 2.809E+03 3.700E+03 4.649E+03 5.410E+03 5.817E+03 5.922E+03 6.039E+03 6.176E+03 6.142E+03 6.632E+03 7.390E+03 8.065E+03 8.369E+03 8.221E+03 7.872E+03 
7.000E-02 7.278E+02 1.649E+03 2.285E+03 3.047E+03 4.015E+03 5.052E+03 5.900E+03 6.385E+03 6.565E+03 6.787E+03 7.016E+03 6.996E+03 7.548E+03 8.383E+03 9.119E+03 9.442E+03 9.266E+03 8.856E+03 
8.000E-02 7.341E+02 1.733E+03 2.440E+03 3.261E+03 4.297E+03 5.415E+03 6.344E+03 6.905E+03 7.163E+03 7.493E+03 7.819E+03 7.815E+03 8.427E+03 9.336E+03 1.013E+04 1.048E+04 1.028E+04 9.818E+03 
9.000E-02 7.340E+02 1.804E+03 2.579E+03 3.453E+03 4.551E+03 5.740E+03 6.745E+03 7.381E+03 7.718E+03 8.158E+03 8.581E+03 8.595E+03 9.265E+03 1.024E+04 1.109E+04 1.147E+04 1.126E+04 1.075E+04 
1.000E-01 7.290E+02 1.862E+03 2.701E+03 3.624E+03 4.777E+03 6.032E+03 7.107E+03 7.815E+03 8.231E+03 8.781E+03 9.300E+03 9.333E+03 1.006E+04 1.110E+04 1.201E+04 1.241E+04 1.219E+04 1.166E+04 
1.500E-01 6.672E+02 2.008E+03 3.113E+03 4.221E+03 5.569E+03 7.060E+03 8.410E+03 9.427E+03 1.021E+04 1.126E+04 1.222E+04 1.236E+04 1.333E+04 1.465E+04 1.580E+04 1.635E+04 1.619E+04 1.562E+04 
2.000E-01 5.922E+02 2.002E+03 3.280E+03 4.498E+03 5.942E+03 7.553E+03 9.068E+03 1.030E+04 1.137E+04 1.281E+04 1.411E+04 1.435E+04 1.549E+04 1.701E+04 1.834E+04 1.906E+04 1.903E+04 1.855E+04 
2.500E-01 5.278E+02 1.922E+03 3.298E+03 4.577E+03 6.057E+03 7.715E+03 9.317E+03 1.070E+04 1.196E+04 1.367E+04 1.521E+04 1.555E+04 1.680E+04 1.844E+04 1.990E+04 2.077E+04 2.090E+04 2.058E+04 
3.000E-01 4.763E+02 1.806E+03 3.222E+03 4.524E+03 6.000E+03 7.657E+03 9.290E+03 1.075E+04 1.214E+04 1.402E+04 1.571E+04 1.612E+04 1.745E+04 1.916E+04 2.070E+04 2.169E+04 2.199E+04 2.183E+04 
4.000E-01 4.012E+02 1.570E+03 2.976E+03 4.278E+03 5.706E+03 7.307E+03 8.926E+03 1.045E+04 1.197E+04 1.402E+04 1.586E+04 1.638E+04 1.777E+04 1.954E+04 2.117E+04 2.234E+04 2.290E+04 2.307E+04 
5.000E-01 3.498E+02 1.382E+03 2.736E+03 4.021E+03 5.399E+03 6.937E+03 8.519E+03 1.005E+04 1.163E+04 1.373E+04 1.563E+04 1.623E+04 1.765E+04 1.943E+04 2.112E+04 2.242E+04 2.319E+04 2.361E+04 
6.000E-01 3.121E+02 1.236E+03 2.528E+03 3.793E+03 5.130E+03 6.613E+03 8.156E+03 9.681E+03 1.128E+04 1.340E+04 1.532E+04 1.598E+04 1.741E+04 1.919E+04 2.092E+04 2.230E+04 2.324E+04 2.387E+04 
7.000E-01 2.824E+02 1.120E+03 2.346E+03 3.587E+03 4.888E+03 6.323E+03 7.826E+03 9.334E+03 1.094E+04 1.304E+04 1.495E+04 1.566E+04 1.710E+04 1.888E+04 2.062E+04 2.208E+04 2.314E+04 2.393E+04 
8.000E-01 2.587E+02 1.028E+03 2.191E+03 3.408E+03 4.679E+03 6.075E+03 7.544E+03 9.033E+03 1.063E+04 1.271E+04 1.461E+04 1.536E+04 1.680E+04 1.857E+04 2.033E+04 2.184E+04 2.300E+04 2.393E+04 
9.000E-01 2.391E+02 9.506E+02 2.055E+03 3.245E+03 4.489E+03 5.849E+03 7.285E+03 8.754E+03 1.034E+04 1.239E+04 1.427E+04 1.505E+04 1.649E+04 1.825E+04 2.001E+04 2.156E+04 2.281E+04 2.384E+04 
1.000E+00 2.227E+02 8.859E+02 1.934E+03 3.098E+03 4.317E+03 5.644E+03 7.050E+03 8.497E+03 1.006E+04 1.208E+04 1.394E+04 1.475E+04 1.618E+04 1.793E+04 1.970E+04 2.128E+04 2.259E+04 2.371E+04 
1.500E+00 1.682E+02 6.696E+02 1.499E+03 2.521E+03 3.628E+03 4.827E+03 6.105E+03 7.445E+03 8.905E+03 1.075E+04 1.248E+04 1.337E+04 1.476E+04 1.644E+04 1.817E+04 1.983E+04 2.132E+04 2.270E+04 
2.000E+00 1.370E+02 5.453E+02 1.229E+03 2.122E+03 3.130E+03 4.229E+03 5.406E+03 6.650E+03 8.008E+03 9.687E+03 1.129E+04 1.222E+04 1.357E+04 1.516E+04 1.684E+04 1.849E+04 2.005E+04 2.152E+04 
2.500E+00 1.164E+02 4.634E+02 1.047E+03 1.833E+03 2.751E+03 3.764E+03 4.857E+03 6.018E+03 7.286E+03 8.827E+03 1.032E+04 1.127E+04 1.256E+04 1.408E+04 1.569E+04 1.731E+04 1.887E+04 2.038E+04 
3.000E+00 1.017E+02 4.048E+02 9.151E+02 1.614E+03 2.452E+03 3.391E+03 4.410E+03 5.499E+03 6.687E+03 8.113E+03 9.513E+03 1.046E+04 1.170E+04 1.315E+04 1.470E+04 1.626E+04 1.781E+04 1.931E+04 
4.000E+00 8.192E+01 3.259E+02 7.371E+02 1.307E+03 2.016E+03 2.830E+03 3.727E+03 4.695E+03 5.752E+03 6.993E+03 8.237E+03 9.165E+03 1.032E+04 1.164E+04 1.306E+04 1.453E+04 1.600E+04 1.746E+04 
5.000E+00 6.905E+01 2.747E+02 6.213E+02 1.104E+03 1.714E+03 2.429E+03 3.229E+03 4.100E+03 5.051E+03 6.152E+03 7.274E+03 8.170E+03 9.242E+03 1.046E+04 1.178E+04 1.314E+04 1.453E+04 1.592E+04 
6.000E+00 5.994E+01 2.384E+02 5.394E+02 9.586E+02 1.493E+03 2.129E+03 2.849E+03 3.639E+03 4.505E+03 5.496E+03 6.518E+03 7.377E+03 8.380E+03 9.512E+03 1.073E+04 1.201E+04 1.331E+04 1.463E+04 
7.000E+00 5.312E+01 2.113E+02 4.780E+02 8.498E+02 1.326E+03 1.897E+03 2.551E+03 3.274E+03 4.068E+03 4.970E+03 5.910E+03 6.731E+03 7.673E+03 8.728E+03 9.867E+03 1.106E+04 1.229E+04 1.354E+04 
8.000E+00 4.781E+01 1.902E+02 4.302E+02 7.648E+02 1.194E+03 1.713E+03 2.311E+03 2.977E+03 3.710E+03 4.539E+03 5.409E+03 6.194E+03 7.081E+03 8.070E+03 9.138E+03 1.026E+04 1.142E+04 1.260E+04 
9.000E+00 4.355E+01 1.732E+02 3.919E+02 6.967E+02 1.088E+03 1.563E+03 2.114E+03 2.731E+03 3.412E+03 4.179E+03 4.990E+03 5.740E+03 6.579E+03 7.510E+03 8.515E+03 9.576E+03 1.068E+04 1.179E+04 
1.000E+01 4.004E+01 1.593E+02 3.604E+02 6.406E+02 1.001E+03 1.439E+03 1.949E+03 2.524E+03 3.160E+03 3.874E+03 4.634E+03 5.351E+03 6.147E+03 7.027E+03 7.976E+03 8.980E+03 1.002E+04 1.109E+04 
1.500E+01 2.892E+01 1.150E+02 2.603E+02 4.628E+02 7.231E+02 1.041E+03 1.416E+03 1.844E+03 2.323E+03 2.857E+03 3.436E+03 4.018E+03 4.653E+03 5.346E+03 6.092E+03 6.885E+03 7.715E+03 8.570E+03 
2.000E+01 2.293E+01 9.119E+01 2.064E+02 3.669E+02 5.733E+02 8.256E+02 1.123E+03 1.466E+03 1.851E+03 2.281E+03 2.750E+03 3.239E+03 3.768E+03 4.341E+03 4.958E+03 5.615E+03 6.307E+03 7.023E+03 
2.500E+01 1.914E+01 7.614E+01 1.723E+02 3.064E+02 4.787E+02 6.894E+02 9.383E+02 1.225E+03 1.549E+03 1.910E+03 2.307E+03 2.727E+03 3.181E+03 3.672E+03 4.200E+03 4.763E+03 5.356E+03 5.974E+03 
3.000E+01 1.652E+01 6.572E+01 1.488E+02 2.645E+02 4.132E+02 5.951E+02 8.099E+02 1.058E+03 1.338E+03 1.651E+03 1.995E+03 2.364E+03 2.762E+03 3.193E+03 3.656E+03 4.149E+03 4.671E+03 5.215E+03 
4.000E+01 1.312E+01 5.217E+01 1.181E+02 2.099E+02 3.280E+02 4.724E+02 6.430E+02 8.398E+02 1.063E+03 1.312E+03 1.586E+03 1.884E+03 2.206E+03 2.554E+03 2.927E+03 3.326E+03 3.748E+03 4.191E+03 
5.000E+01 1.098E+01 4.368E+01 9.890E+01 1.758E+02 2.747E+02 3.956E+02 5.385E+02 7.033E+02 8.901E+02 1.099E+03 1.329E+03 1.580E+03 1.852E+03 2.146E+03 2.461E+03 2.798E+03 3.155E+03 3.531E+03 
6.000E+01 9.514E+00 3.785E+01 8.569E+01 1.523E+02 2.380E+02 3.428E+02 4.665E+02 6.094E+02 7.712E+02 9.521E+02 1.152E+03 1.370E+03 1.607E+03 1.862E+03 2.137E+03 2.429E+03 2.741E+03 3.069E+03 
7.000E+01 8.440E+00 3.358E+01 7.602E+01 1.352E+02 2.112E+02 3.041E+02 4.139E+02 5.406E+02 6.842E+02 8.447E+02 1.022E+03 1.216E+03 1.426E+03 1.654E+03 1.898E+03 2.158E+03 2.435E+03 2.728E+03 
8.000E+01 7.618E+00 3.031E+01 6.863E+01 1.220E+02 1.906E+02 2.745E+02 3.736E+02 4.880E+02 6.176E+02 7.625E+02 9.226E+02 1.098E+03 1.288E+03 1.493E+03 1.714E+03 1.949E+03 2.200E+03 2.465E+03 
9.000E+01 6.968E+00 2.773E+01 6.278E+01 1.116E+02 1.744E+02 2.511E+02 3.418E+02 4.464E+02 5.650E+02 6.975E+02 8.440E+02 1.004E+03 1.179E+03 1.367E+03 1.568E+03 1.784E+03 2.014E+03 2.257E+03 
1.000E+02 6.441E+00 2.563E+01 5.803E+01 1.032E+02 1.612E+02 2.321E+02 3.160E+02 4.127E+02 5.223E+02 6.448E+02 7.802E+02 9.285E+02 1.090E+03 1.263E+03 1.450E+03 1.650E+03 1.862E+03 2.087E+03 
1.500E+02 4.815E+00 1.917E+01 4.341E+01 7.716E+01 1.206E+02 1.736E+02 2.363E+02 3.087E+02 3.906E+02 4.823E+02 5.836E+02 6.945E+02 8.150E+02 9.452E+02 1.085E+03 1.235E+03 1.394E+03 1.562E+03 
2.000E+02 3.975E+00 1.583E+01 3.584E+01 6.372E+01 9.956E+01 1.434E+02 1.951E+02 2.549E+02 3.226E+02 3.983E+02 4.819E+02 5.735E+02 6.730E+02 7.806E+02 8.961E+02 1.020E+03 1.151E+03 1.290E+03 
2.500E+02 3.462E+00 1.379E+01 3.123E+01 5.552E+01 8.674E+01 1.249E+02 1.700E+02 2.221E+02 2.810E+02 3.470E+02 4.198E+02 4.996E+02 5.864E+02 6.801E+02 7.807E+02 8.882E+02 1.003E+03 1.124E+03 
3.000E+02 3.117E+00 1.242E+01 2.813E+01 5.000E+01 7.813E+01 1.125E+02 1.531E+02 2.000E+02 2.531E+02 3.125E+02 3.781E+02 4.500E+02 5.281E+02 6.125E+02 7.031E+02 8.000E+02 9.031E+02 1.013E+03 
4.000E+02 2.686E+00 1.071E+01 2.425E+01 4.311E+01 6.737E+01 9.701E+01 1.320E+02 1.725E+02 2.183E+02 2.695E+02 3.260E+02 3.880E+02 4.554E+02 5.281E+02 6.063E+02 6.898E+02 7.787E+02 8.731E+02 
5.000E+02 2.431E+00 9.696E+00 2.196E+01 3.904E+01 6.100E+01 8.784E+01 1.196E+02 1.562E+02 1.976E+02 2.440E+02 2.952E+02 3.514E+02 4.124E+02 4.782E+02 5.490E+02 6.246E+02 7.051E+02 7.905E+02 
6.000E+02 2.265E+00 9.039E+00 2.047E+01 3.639E+01 5.686E+01 8.188E+01 1.115E+02 1.456E+02 1.842E+02 2.275E+02 2.752E+02 3.275E+02 3.844E+02 4.458E+02 5.118E+02 5.823E+02 6.573E+02 7.370E+02 
7.000E+02 2.151E+00 8.586E+00 1.945E+01 3.457E+01 5.401E+01 7.778E+01 1.059E+02 1.383E+02 1.750E+02 2.161E+02 2.614E+02 3.111E+02 3.651E+02 4.235E+02 4.861E+02 5.531E+02 6.244E+02 7.000E+02 
8.000E+02 2.069E+00 8.260E+00 1.871E+01 3.326E+01 5.196E+01 7.483E+01 1.018E+02 1.330E+02 1.684E+02 2.079E+02 2.515E+02 2.993E+02 3.513E+02 4.074E+02 4.677E+02 5.321E+02 6.007E+02 6.735E+02 
9.000E+02 2.008E+00 8.022E+00 1.817E+01 3.230E+01 5.047E+01 7.267E+01 9.891E+01 1.292E+02 1.635E+02 2.019E+02 2.443E+02 2.907E+02 3.412E+02 3.957E+02 4.542E+02 5.168E+02 5.834E+02 6.540E+02 
1.000E+03 1.962E+00 7.839E+00 1.776E+01 3.157E+01 4.932E+01 7.102E+01 9.667E+01 1.263E+02 1.598E+02 1.973E+02 2.387E+02 2.841E+02 3.334E+02 3.867E+02 4.439E+02 5.050E+02 5.701E+02 6.392E+02 
