*---><---><--------><------------------------------------------------>
    0    0           C12 300 MeV/A, H2O 20 cm cylinder, r=10, 1 zone
*---><---><--------><--------><--------><--------><--------><-------->
  RCC    1       0.0       0.0       0.0       0.0       0.0      20.0
                10.0
  RCC    2       0.0       0.0      -5.0       0.0       0.0      25.0
                15.0
  RCC    3       0.0       0.0     -10.0       0.0       0.0      30.0
                20.0
  END
  001          +1
  002          +2     -1
  003          +3     -2      
  END
    1    2    3
    1 1000    0

